Vertex Count: 612

Data:

14.7 61.25 -88.2 0.8 0.95 0.109 0.988 -0.109
-14.7 61.25 -88.2 0.2 0.95 -0.109 0.988 -0.109
-14.7 61.25 88.2 0.2 0.05 -0.109 0.988 0.109
14.7 61.25 88.2 0.8 0.05 0.109 0.988 0.109
14.7 61.25 -88.2 0.8 0.95 0.109 0.988 -0.109
-14.7 61.25 88.2 0.2 0.05 -0.109 0.988 0.109
-17.15 59.937 92.444 0.15 0.028 -0.265 0.847 0.46
-14.7 59.937 93.1 0.2 0.025 -0.07 0.855 0.514
-14.7 61.25 88.2 0.2 0.05 -0.109 0.988 0.109
-18.944 59.937 90.65 0.113 0.038 -0.46 0.847 0.265
-17.15 59.937 92.444 0.15 0.028 -0.265 0.847 0.46
-14.7 61.25 88.2 0.2 0.05 -0.109 0.988 0.109
-19.6 59.937 88.2 0.1 0.05 -0.514 0.855 0.07
-18.944 59.937 90.65 0.113 0.038 -0.46 0.847 0.265
-14.7 61.25 88.2 0.2 0.05 -0.109 0.988 0.109
-19.6 59.937 -88.2 0.1 0.95 -0.514 0.855 -0.07
-19.6 59.937 88.2 0.1 0.05 -0.514 0.855 0.07
-14.7 61.25 88.2 0.2 0.05 -0.109 0.988 0.109
-14.7 61.25 -88.2 0.2 0.95 -0.109 0.988 -0.109
-19.6 59.937 -88.2 0.1 0.95 -0.514 0.855 -0.07
-14.7 61.25 88.2 0.2 0.05 -0.109 0.988 0.109
-18.944 59.937 -90.65 0.113 0.962 -0.46 0.847 -0.265
-19.6 59.937 -88.2 0.1 0.95 -0.514 0.855 -0.07
-14.7 61.25 -88.2 0.2 0.95 -0.109 0.988 -0.109
-17.15 59.937 -92.444 0.15 0.972 -0.265 0.847 -0.46
-18.944 59.937 -90.65 0.113 0.962 -0.46 0.847 -0.265
-14.7 61.25 -88.2 0.2 0.95 -0.109 0.988 -0.109
-14.7 59.937 -93.1 0.2 0.975 -0.07 0.855 -0.514
-17.15 59.937 -92.444 0.15 0.972 -0.265 0.847 -0.46
-14.7 61.25 -88.2 0.2 0.95 -0.109 0.988 -0.109
14.7 59.937 -93.1 0.8 0.975 0.07 0.855 -0.514
-14.7 59.937 -93.1 0.2 0.975 -0.07 0.855 -0.514
-14.7 61.25 -88.2 0.2 0.95 -0.109 0.988 -0.109
14.7 61.25 -88.2 0.8 0.95 0.109 0.988 -0.109
14.7 59.937 -93.1 0.8 0.975 0.07 0.855 -0.514
-14.7 61.25 -88.2 0.2 0.95 -0.109 0.988 -0.109
17.15 59.937 -92.444 0.85 0.972 0.265 0.847 -0.46
14.7 59.937 -93.1 0.8 0.975 0.07 0.855 -0.514
14.7 61.25 -88.2 0.8 0.95 0.109 0.988 -0.109
18.944 59.937 -90.65 0.887 0.962 0.46 0.847 -0.265
17.15 59.937 -92.444 0.85 0.972 0.265 0.847 -0.46
14.7 61.25 -88.2 0.8 0.95 0.109 0.988 -0.109
19.6 59.937 -88.2 0.9 0.95 0.514 0.855 -0.07
18.944 59.937 -90.65 0.887 0.962 0.46 0.847 -0.265
14.7 61.25 -88.2 0.8 0.95 0.109 0.988 -0.109
19.6 59.937 88.2 0.9 0.05 0.514 0.855 0.07
19.6 59.937 -88.2 0.9 0.95 0.514 0.855 -0.07
14.7 61.25 -88.2 0.8 0.95 0.109 0.988 -0.109
14.7 61.25 88.2 0.8 0.05 0.109 0.988 0.109
19.6 59.937 88.2 0.9 0.05 0.514 0.855 0.07
14.7 61.25 -88.2 0.8 0.95 0.109 0.988 -0.109
18.944 59.937 90.65 0.887 0.038 0.46 0.847 0.265
19.6 59.937 88.2 0.9 0.05 0.514 0.855 0.07
14.7 61.25 88.2 0.8 0.05 0.109 0.988 0.109
17.15 59.937 92.444 0.85 0.028 0.265 0.847 0.46
18.944 59.937 90.65 0.887 0.038 0.46 0.847 0.265
14.7 61.25 88.2 0.8 0.05 0.109 0.988 0.109
14.7 59.937 93.1 0.8 0.025 0.07 0.855 0.514
17.15 59.937 92.444 0.85 0.028 0.265 0.847 0.46
14.7 61.25 88.2 0.8 0.05 0.109 0.988 0.109
-14.7 59.937 93.1 0.2 0.025 -0.07 0.855 0.514
14.7 59.937 93.1 0.8 0.025 0.07 0.855 0.514
14.7 61.25 88.2 0.8 0.05 0.109 0.988 0.109
-14.7 61.25 88.2 0.2 0.05 -0.109 0.988 0.109
-14.7 59.937 93.1 0.2 0.025 -0.07 0.855 0.514
14.7 61.25 88.2 0.8 0.05 0.109 0.988 0.109
-18.944 56.35 95.55 0.113 0.012 -0.438 0.482 0.759
-14.7 56.35 96.687 0.2 0.00700003 -0.113 0.488 0.865
-14.7 59.937 93.1 0.2 0.025 -0.07 0.855 0.514
-17.15 59.937 92.444 0.15 0.028 -0.265 0.847 0.46
-18.944 56.35 95.55 0.113 0.012 -0.438 0.482 0.759
-14.7 59.937 93.1 0.2 0.025 -0.07 0.855 0.514
-22.05 56.35 92.444 0.05 0.028 -0.759 0.482 0.438
-18.944 56.35 95.55 0.113 0.012 -0.438 0.482 0.759
-17.15 59.937 92.444 0.15 0.028 -0.265 0.847 0.46
-18.944 59.937 90.65 0.113 0.038 -0.46 0.847 0.265
-22.05 56.35 92.444 0.05 0.028 -0.759 0.482 0.438
-17.15 59.937 92.444 0.15 0.028 -0.265 0.847 0.46
-23.187 56.35 88.2 0.027 0.05 -0.865 0.488 0.113
-22.05 56.35 92.444 0.05 0.028 -0.759 0.482 0.438
-18.944 59.937 90.65 0.113 0.038 -0.46 0.847 0.265
-19.6 59.937 88.2 0.1 0.05 -0.514 0.855 0.07
-23.187 56.35 88.2 0.027 0.05 -0.865 0.488 0.113
-18.944 59.937 90.65 0.113 0.038 -0.46 0.847 0.265
-23.187 56.35 -88.2 0.027 0.95 -0.865 0.488 -0.113
-23.187 56.35 88.2 0.027 0.05 -0.865 0.488 0.113
-19.6 59.937 88.2 0.1 0.05 -0.514 0.855 0.07
-19.6 59.937 -88.2 0.1 0.95 -0.514 0.855 -0.07
-23.187 56.35 -88.2 0.027 0.95 -0.865 0.488 -0.113
-19.6 59.937 88.2 0.1 0.05 -0.514 0.855 0.07
-22.05 56.35 -92.444 0.05 0.972 -0.759 0.482 -0.438
-23.187 56.35 -88.2 0.027 0.95 -0.865 0.488 -0.113
-19.6 59.937 -88.2 0.1 0.95 -0.514 0.855 -0.07
-18.944 59.937 -90.65 0.113 0.962 -0.46 0.847 -0.265
-22.05 56.35 -92.444 0.05 0.972 -0.759 0.482 -0.438
-19.6 59.937 -88.2 0.1 0.95 -0.514 0.855 -0.07
-18.944 56.35 -95.55 0.113 0.987 -0.438 0.482 -0.759
-22.05 56.35 -92.444 0.05 0.972 -0.759 0.482 -0.438
-18.944 59.937 -90.65 0.113 0.962 -0.46 0.847 -0.265
-17.15 59.937 -92.444 0.15 0.972 -0.265 0.847 -0.46
-18.944 56.35 -95.55 0.113 0.987 -0.438 0.482 -0.759
-18.944 59.937 -90.65 0.113 0.962 -0.46 0.847 -0.265
-14.7 56.35 -96.687 0.2 0.993 -0.113 0.488 -0.865
-18.944 56.35 -95.55 0.113 0.987 -0.438 0.482 -0.759
-17.15 59.937 -92.444 0.15 0.972 -0.265 0.847 -0.46
-14.7 59.937 -93.1 0.2 0.975 -0.07 0.855 -0.514
-14.7 56.35 -96.687 0.2 0.993 -0.113 0.488 -0.865
-17.15 59.937 -92.444 0.15 0.972 -0.265 0.847 -0.46
14.7 56.35 -96.687 0.8 0.993 0.113 0.488 -0.865
-14.7 56.35 -96.687 0.2 0.993 -0.113 0.488 -0.865
-14.7 59.937 -93.1 0.2 0.975 -0.07 0.855 -0.514
14.7 59.937 -93.1 0.8 0.975 0.07 0.855 -0.514
14.7 56.35 -96.687 0.8 0.993 0.113 0.488 -0.865
-14.7 59.937 -93.1 0.2 0.975 -0.07 0.855 -0.514
18.944 56.35 -95.55 0.887 0.987 0.438 0.482 -0.759
14.7 56.35 -96.687 0.8 0.993 0.113 0.488 -0.865
14.7 59.937 -93.1 0.8 0.975 0.07 0.855 -0.514
17.15 59.937 -92.444 0.85 0.972 0.265 0.847 -0.46
18.944 56.35 -95.55 0.887 0.987 0.438 0.482 -0.759
14.7 59.937 -93.1 0.8 0.975 0.07 0.855 -0.514
22.05 56.35 -92.444 0.95 0.972 0.759 0.482 -0.438
18.944 56.35 -95.55 0.887 0.987 0.438 0.482 -0.759
17.15 59.937 -92.444 0.85 0.972 0.265 0.847 -0.46
18.944 59.937 -90.65 0.887 0.962 0.46 0.847 -0.265
22.05 56.35 -92.444 0.95 0.972 0.759 0.482 -0.438
17.15 59.937 -92.444 0.85 0.972 0.265 0.847 -0.46
23.187 56.35 -88.2 0.973 0.95 0.865 0.488 -0.113
22.05 56.35 -92.444 0.95 0.972 0.759 0.482 -0.438
18.944 59.937 -90.65 0.887 0.962 0.46 0.847 -0.265
19.6 59.937 -88.2 0.9 0.95 0.514 0.855 -0.07
23.187 56.35 -88.2 0.973 0.95 0.865 0.488 -0.113
18.944 59.937 -90.65 0.887 0.962 0.46 0.847 -0.265
23.187 56.35 88.2 0.973 0.05 0.865 0.488 0.113
23.187 56.35 -88.2 0.973 0.95 0.865 0.488 -0.113
19.6 59.937 -88.2 0.9 0.95 0.514 0.855 -0.07
19.6 59.937 88.2 0.9 0.05 0.514 0.855 0.07
23.187 56.35 88.2 0.973 0.05 0.865 0.488 0.113
19.6 59.937 -88.2 0.9 0.95 0.514 0.855 -0.07
22.05 56.35 92.444 0.95 0.028 0.759 0.482 0.438
23.187 56.35 88.2 0.973 0.05 0.865 0.488 0.113
19.6 59.937 88.2 0.9 0.05 0.514 0.855 0.07
18.944 59.937 90.65 0.887 0.038 0.46 0.847 0.265
22.05 56.35 92.444 0.95 0.028 0.759 0.482 0.438
19.6 59.937 88.2 0.9 0.05 0.514 0.855 0.07
18.944 56.35 95.55 0.887 0.012 0.438 0.482 0.759
22.05 56.35 92.444 0.95 0.028 0.759 0.482 0.438
18.944 59.937 90.65 0.887 0.038 0.46 0.847 0.265
17.15 59.937 92.444 0.85 0.028 0.265 0.847 0.46
18.944 56.35 95.55 0.887 0.012 0.438 0.482 0.759
18.944 59.937 90.65 0.887 0.038 0.46 0.847 0.265
14.7 56.35 96.687 0.8 0.00700003 0.113 0.488 0.865
18.944 56.35 95.55 0.887 0.012 0.438 0.482 0.759
17.15 59.937 92.444 0.85 0.028 0.265 0.847 0.46
14.7 59.937 93.1 0.8 0.025 0.07 0.855 0.514
14.7 56.35 96.687 0.8 0.00700003 0.113 0.488 0.865
17.15 59.937 92.444 0.85 0.028 0.265 0.847 0.46
-14.7 56.35 96.687 0.2 0.00700003 -0.113 0.488 0.865
14.7 56.35 96.687 0.8 0.00700003 0.113 0.488 0.865
14.7 59.937 93.1 0.8 0.025 0.07 0.855 0.514
-14.7 59.937 93.1 0.2 0.025 -0.07 0.855 0.514
-14.7 56.35 96.687 0.2 0.00700003 -0.113 0.488 0.865
14.7 59.937 93.1 0.8 0.025 0.07 0.855 0.514
-19.6 51.45 96.687 0.1 0.00700003 -0.496 0.128 0.859
-14.7 51.45 98 0.2 0 -0.128 0.128 0.983
-14.7 56.35 96.687 0.2 0.00700003 -0.113 0.488 0.865
-18.944 56.35 95.55 0.113 0.012 -0.438 0.482 0.759
-19.6 51.45 96.687 0.1 0.00700003 -0.496 0.128 0.859
-14.7 56.35 96.687 0.2 0.00700003 -0.113 0.488 0.865
-23.187 51.45 93.1 0.027 0.025 -0.859 0.128 0.496
-19.6 51.45 96.687 0.1 0.00700003 -0.496 0.128 0.859
-18.944 56.35 95.55 0.113 0.012 -0.438 0.482 0.759
-22.05 56.35 92.444 0.05 0.028 -0.759 0.482 0.438
-23.187 51.45 93.1 0.027 0.025 -0.859 0.128 0.496
-18.944 56.35 95.55 0.113 0.012 -0.438 0.482 0.759
-24.5 51.45 88.2 0 0.05 -0.983 0.128 0.128
-23.187 51.45 93.1 0.027 0.025 -0.859 0.128 0.496
-22.05 56.35 92.444 0.05 0.028 -0.759 0.482 0.438
-23.187 56.35 88.2 0.027 0.05 -0.865 0.488 0.113
-24.5 51.45 88.2 0 0.05 -0.983 0.128 0.128
-22.05 56.35 92.444 0.05 0.028 -0.759 0.482 0.438
-24.5 51.45 -88.2 0 0.95 -0.983 0.128 -0.128
-24.5 51.45 88.2 0 0.05 -0.983 0.128 0.128
-23.187 56.35 88.2 0.027 0.05 -0.865 0.488 0.113
-23.187 56.35 -88.2 0.027 0.95 -0.865 0.488 -0.113
-24.5 51.45 -88.2 0 0.95 -0.983 0.128 -0.128
-23.187 56.35 88.2 0.027 0.05 -0.865 0.488 0.113
-23.187 51.45 -93.1 0.027 0.975 -0.859 0.128 -0.496
-24.5 51.45 -88.2 0 0.95 -0.983 0.128 -0.128
-23.187 56.35 -88.2 0.027 0.95 -0.865 0.488 -0.113
-22.05 56.35 -92.444 0.05 0.972 -0.759 0.482 -0.438
-23.187 51.45 -93.1 0.027 0.975 -0.859 0.128 -0.496
-23.187 56.35 -88.2 0.027 0.95 -0.865 0.488 -0.113
-19.6 51.45 -96.687 0.1 0.993 -0.496 0.128 -0.859
-23.187 51.45 -93.1 0.027 0.975 -0.859 0.128 -0.496
-22.05 56.35 -92.444 0.05 0.972 -0.759 0.482 -0.438
-18.944 56.35 -95.55 0.113 0.987 -0.438 0.482 -0.759
-19.6 51.45 -96.687 0.1 0.993 -0.496 0.128 -0.859
-22.05 56.35 -92.444 0.05 0.972 -0.759 0.482 -0.438
-14.7 51.45 -98 0.2 1 -0.128 0.128 -0.983
-19.6 51.45 -96.687 0.1 0.993 -0.496 0.128 -0.859
-18.944 56.35 -95.55 0.113 0.987 -0.438 0.482 -0.759
-14.7 56.35 -96.687 0.2 0.993 -0.113 0.488 -0.865
-14.7 51.45 -98 0.2 1 -0.128 0.128 -0.983
-18.944 56.35 -95.55 0.113 0.987 -0.438 0.482 -0.759
14.7 51.45 -98 0.8 1 0.128 0.128 -0.983
-14.7 51.45 -98 0.2 1 -0.128 0.128 -0.983
-14.7 56.35 -96.687 0.2 0.993 -0.113 0.488 -0.865
14.7 56.35 -96.687 0.8 0.993 0.113 0.488 -0.865
14.7 51.45 -98 0.8 1 0.128 0.128 -0.983
-14.7 56.35 -96.687 0.2 0.993 -0.113 0.488 -0.865
19.6 51.45 -96.687 0.9 0.993 0.496 0.128 -0.859
14.7 51.45 -98 0.8 1 0.128 0.128 -0.983
14.7 56.35 -96.687 0.8 0.993 0.113 0.488 -0.865
18.944 56.35 -95.55 0.887 0.987 0.438 0.482 -0.759
19.6 51.45 -96.687 0.9 0.993 0.496 0.128 -0.859
14.7 56.35 -96.687 0.8 0.993 0.113 0.488 -0.865
23.187 51.45 -93.1 0.973 0.975 0.859 0.128 -0.496
19.6 51.45 -96.687 0.9 0.993 0.496 0.128 -0.859
18.944 56.35 -95.55 0.887 0.987 0.438 0.482 -0.759
22.05 56.35 -92.444 0.95 0.972 0.759 0.482 -0.438
23.187 51.45 -93.1 0.973 0.975 0.859 0.128 -0.496
18.944 56.35 -95.55 0.887 0.987 0.438 0.482 -0.759
24.5 51.45 -88.2 1 0.95 0.983 0.128 -0.128
23.187 51.45 -93.1 0.973 0.975 0.859 0.128 -0.496
22.05 56.35 -92.444 0.95 0.972 0.759 0.482 -0.438
23.187 56.35 -88.2 0.973 0.95 0.865 0.488 -0.113
24.5 51.45 -88.2 1 0.95 0.983 0.128 -0.128
22.05 56.35 -92.444 0.95 0.972 0.759 0.482 -0.438
24.5 51.45 88.2 1 0.05 0.983 0.128 0.128
24.5 51.45 -88.2 1 0.95 0.983 0.128 -0.128
23.187 56.35 -88.2 0.973 0.95 0.865 0.488 -0.113
23.187 56.35 88.2 0.973 0.05 0.865 0.488 0.113
24.5 51.45 88.2 1 0.05 0.983 0.128 0.128
23.187 56.35 -88.2 0.973 0.95 0.865 0.488 -0.113
23.187 51.45 93.1 0.973 0.025 0.859 0.128 0.496
24.5 51.45 88.2 1 0.05 0.983 0.128 0.128
23.187 56.35 88.2 0.973 0.05 0.865 0.488 0.113
22.05 56.35 92.444 0.95 0.028 0.759 0.482 0.438
23.187 51.45 93.1 0.973 0.025 0.859 0.128 0.496
23.187 56.35 88.2 0.973 0.05 0.865 0.488 0.113
19.6 51.45 96.687 0.9 0.00700003 0.496 0.128 0.859
23.187 51.45 93.1 0.973 0.025 0.859 0.128 0.496
22.05 56.35 92.444 0.95 0.028 0.759 0.482 0.438
18.944 56.35 95.55 0.887 0.012 0.438 0.482 0.759
19.6 51.45 96.687 0.9 0.00700003 0.496 0.128 0.859
22.05 56.35 92.444 0.95 0.028 0.759 0.482 0.438
14.7 51.45 98 0.8 0 0.128 0.128 0.983
19.6 51.45 96.687 0.9 0.00700003 0.496 0.128 0.859
18.944 56.35 95.55 0.887 0.012 0.438 0.482 0.759
14.7 56.35 96.687 0.8 0.00700003 0.113 0.488 0.865
14.7 51.45 98 0.8 0 0.128 0.128 0.983
18.944 56.35 95.55 0.887 0.012 0.438 0.482 0.759
-14.7 51.45 98 0.2 0 -0.128 0.128 0.983
14.7 51.45 98 0.8 0 0.128 0.128 0.983
14.7 56.35 96.687 0.8 0.00700003 0.113 0.488 0.865
-14.7 56.35 96.687 0.2 0.00700003 -0.113 0.488 0.865
-14.7 51.45 98 0.2 0 -0.128 0.128 0.983
14.7 56.35 96.687 0.8 0.00700003 0.113 0.488 0.865
-19.6 -51.45 96.687 0.01 1 -0.496 -0.128 0.859
-14.7 -51.45 98 0 1 -0.128 -0.128 0.983
-14.7 51.45 98 0 0 -0.128 0.128 0.983
-19.6 51.45 96.687 0.01 0 -0.496 0.128 0.859
-19.6 -51.45 96.687 0.01 1 -0.496 -0.128 0.859
-14.7 51.45 98 0 0 -0.128 0.128 0.983
-23.187 -51.45 93.1 0.02 1 -0.859 -0.128 0.496
-19.6 -51.45 96.687 0.01 1 -0.496 -0.128 0.859
-19.6 51.45 96.687 0.01 0 -0.496 0.128 0.859
-23.187 51.45 93.1 0.02 0 -0.859 0.128 0.496
-23.187 -51.45 93.1 0.02 1 -0.859 -0.128 0.496
-19.6 51.45 96.687 0.01 0 -0.496 0.128 0.859
-24.5 -51.45 88.2 0.03 1 -0.983 -0.128 0.128
-23.187 -51.45 93.1 0.02 1 -0.859 -0.128 0.496
-23.187 51.45 93.1 0.02 0 -0.859 0.128 0.496
-24.5 51.45 88.2 0.03 0 -0.983 0.128 0.128
-24.5 -51.45 88.2 0.03 1 -0.983 -0.128 0.128
-23.187 51.45 93.1 0.02 0 -0.859 0.128 0.496
-24.5 -51.45 -88.2 0.374 1 -0.983 -0.128 -0.128
-24.5 -51.45 88.2 0.03 1 -0.983 -0.128 0.128
-24.5 51.45 88.2 0.03 0 -0.983 0.128 0.128
-24.5 51.45 -88.2 0.374 0 -0.983 0.128 -0.128
-24.5 -51.45 -88.2 0.374 1 -0.983 -0.128 -0.128
-24.5 51.45 88.2 0.03 0 -0.983 0.128 0.128
-23.187 -51.45 -93.1 0.384 1 -0.859 -0.128 -0.496
-24.5 -51.45 -88.2 0.374 1 -0.983 -0.128 -0.128
-24.5 51.45 -88.2 0.374 0 -0.983 0.128 -0.128
-23.187 51.45 -93.1 0.384 0 -0.859 0.128 -0.496
-23.187 -51.45 -93.1 0.384 1 -0.859 -0.128 -0.496
-24.5 51.45 -88.2 0.374 0 -0.983 0.128 -0.128
-19.6 -51.45 -96.687 0.394 1 -0.496 -0.128 -0.859
-23.187 -51.45 -93.1 0.384 1 -0.859 -0.128 -0.496
-23.187 51.45 -93.1 0.384 0 -0.859 0.128 -0.496
-19.6 51.45 -96.687 0.394 0 -0.496 0.128 -0.859
-19.6 -51.45 -96.687 0.394 1 -0.496 -0.128 -0.859
-23.187 51.45 -93.1 0.384 0 -0.859 0.128 -0.496
-14.7 -51.45 -98 0.404 1 -0.128 -0.128 -0.983
-19.6 -51.45 -96.687 0.394 1 -0.496 -0.128 -0.859
-19.6 51.45 -96.687 0.394 0 -0.496 0.128 -0.859
-14.7 51.45 -98 0.404 0 -0.128 0.128 -0.983
-14.7 -51.45 -98 0.404 1 -0.128 -0.128 -0.983
-19.6 51.45 -96.687 0.394 0 -0.496 0.128 -0.859
14.7 -51.45 -98 0.462 1 0.128 -0.128 -0.983
-14.7 -51.45 -98 0.404 1 -0.128 -0.128 -0.983
-14.7 51.45 -98 0.404 0 -0.128 0.128 -0.983
14.7 51.45 -98 0.462 0 0.128 0.128 -0.983
14.7 -51.45 -98 0.462 1 0.128 -0.128 -0.983
-14.7 51.45 -98 0.404 0 -0.128 0.128 -0.983
19.6 -51.45 -96.687 0.472 1 0.496 -0.128 -0.859
14.7 -51.45 -98 0.462 1 0.128 -0.128 -0.983
14.7 51.45 -98 0.462 0 0.128 0.128 -0.983
19.6 51.45 -96.687 0.472 0 0.496 0.128 -0.859
19.6 -51.45 -96.687 0.472 1 0.496 -0.128 -0.859
14.7 51.45 -98 0.462 0 0.128 0.128 -0.983
23.187 -51.45 -93.1 0.482 1 0.859 -0.128 -0.496
19.6 -51.45 -96.687 0.472 1 0.496 -0.128 -0.859
19.6 51.45 -96.687 0.472 0 0.496 0.128 -0.859
23.187 51.45 -93.1 0.482 0 0.859 0.128 -0.496
23.187 -51.45 -93.1 0.482 1 0.859 -0.128 -0.496
19.6 51.45 -96.687 0.472 0 0.496 0.128 -0.859
24.5 -51.45 -88.2 0.491 1 0.983 -0.128 -0.128
23.187 -51.45 -93.1 0.482 1 0.859 -0.128 -0.496
23.187 51.45 -93.1 0.482 0 0.859 0.128 -0.496
24.5 51.45 -88.2 0.491 0 0.983 0.128 -0.128
24.5 -51.45 -88.2 0.491 1 0.983 -0.128 -0.128
23.187 51.45 -93.1 0.482 0 0.859 0.128 -0.496
24.5 -51.45 88.2 0.836 1 0.983 -0.128 0.128
24.5 -51.45 -88.2 0.491 1 0.983 -0.128 -0.128
24.5 51.45 -88.2 0.491 0 0.983 0.128 -0.128
24.5 51.45 88.2 0.836 0 0.983 0.128 0.128
24.5 -51.45 88.2 0.836 1 0.983 -0.128 0.128
24.5 51.45 -88.2 0.491 0 0.983 0.128 -0.128
23.187 -51.45 93.1 0.846 1 0.859 -0.128 0.496
24.5 -51.45 88.2 0.836 1 0.983 -0.128 0.128
24.5 51.45 88.2 0.836 0 0.983 0.128 0.128
23.187 51.45 93.1 0.846 0 0.859 0.128 0.496
23.187 -51.45 93.1 0.846 1 0.859 -0.128 0.496
24.5 51.45 88.2 0.836 0 0.983 0.128 0.128
19.6 -51.45 96.687 0.856 1 0.496 -0.128 0.859
23.187 -51.45 93.1 0.846 1 0.859 -0.128 0.496
23.187 51.45 93.1 0.846 0 0.859 0.128 0.496
19.6 51.45 96.687 0.856 0 0.496 0.128 0.859
19.6 -51.45 96.687 0.856 1 0.496 -0.128 0.859
23.187 51.45 93.1 0.846 0 0.859 0.128 0.496
14.7 -51.45 98 0.866 1 0.128 -0.128 0.983
19.6 -51.45 96.687 0.856 1 0.496 -0.128 0.859
19.6 51.45 96.687 0.856 0 0.496 0.128 0.859
14.7 51.45 98 0.866 0 0.128 0.128 0.983
14.7 -51.45 98 0.866 1 0.128 -0.128 0.983
19.6 51.45 96.687 0.856 0 0.496 0.128 0.859
-14.7 -51.45 98 1 1 -0.128 -0.128 0.983
14.7 -51.45 98 0.866 1 0.128 -0.128 0.983
14.7 51.45 98 0.866 0 0.128 0.128 0.983
-14.7 51.45 98 1 0 -0.128 0.128 0.983
-14.7 -51.45 98 1 1 -0.128 -0.128 0.983
14.7 51.45 98 0.866 0 0.128 0.128 0.983
-18.944 -56.35 95.55 0.113 0.988 -0.438 -0.482 0.759
-14.7 -56.35 96.687 0.2 0.993 -0.113 -0.488 0.865
-14.7 -51.45 98 0.2 1 -0.128 -0.128 0.983
-19.6 -51.45 96.687 0.1 0.993 -0.496 -0.128 0.859
-18.944 -56.35 95.55 0.113 0.988 -0.438 -0.482 0.759
-14.7 -51.45 98 0.2 1 -0.128 -0.128 0.983
-22.05 -56.35 92.444 0.05 0.972 -0.759 -0.482 0.438
-18.944 -56.35 95.55 0.113 0.988 -0.438 -0.482 0.759
-19.6 -51.45 96.687 0.1 0.993 -0.496 -0.128 0.859
-23.187 -51.45 93.1 0.027 0.975 -0.859 -0.128 0.496
-22.05 -56.35 92.444 0.05 0.972 -0.759 -0.482 0.438
-19.6 -51.45 96.687 0.1 0.993 -0.496 -0.128 0.859
-23.187 -56.35 88.2 0.027 0.95 -0.865 -0.488 0.113
-22.05 -56.35 92.444 0.05 0.972 -0.759 -0.482 0.438
-23.187 -51.45 93.1 0.027 0.975 -0.859 -0.128 0.496
-24.5 -51.45 88.2 0 0.95 -0.983 -0.128 0.128
-23.187 -56.35 88.2 0.027 0.95 -0.865 -0.488 0.113
-23.187 -51.45 93.1 0.027 0.975 -0.859 -0.128 0.496
-23.187 -56.35 -88.2 0.027 0.05 -0.865 -0.488 -0.113
-23.187 -56.35 88.2 0.027 0.95 -0.865 -0.488 0.113
-24.5 -51.45 88.2 0 0.95 -0.983 -0.128 0.128
-24.5 -51.45 -88.2 0 0.05 -0.983 -0.128 -0.128
-23.187 -56.35 -88.2 0.027 0.05 -0.865 -0.488 -0.113
-24.5 -51.45 88.2 0 0.95 -0.983 -0.128 0.128
-22.05 -56.35 -92.444 0.05 0.028 -0.759 -0.482 -0.438
-23.187 -56.35 -88.2 0.027 0.05 -0.865 -0.488 -0.113
-24.5 -51.45 -88.2 0 0.05 -0.983 -0.128 -0.128
-23.187 -51.45 -93.1 0.027 0.025 -0.859 -0.128 -0.496
-22.05 -56.35 -92.444 0.05 0.028 -0.759 -0.482 -0.438
-24.5 -51.45 -88.2 0 0.05 -0.983 -0.128 -0.128
-18.944 -56.35 -95.55 0.113 0.012 -0.438 -0.482 -0.759
-22.05 -56.35 -92.444 0.05 0.028 -0.759 -0.482 -0.438
-23.187 -51.45 -93.1 0.027 0.025 -0.859 -0.128 -0.496
-19.6 -51.45 -96.687 0.1 0.00700003 -0.496 -0.128 -0.859
-18.944 -56.35 -95.55 0.113 0.012 -0.438 -0.482 -0.759
-23.187 -51.45 -93.1 0.027 0.025 -0.859 -0.128 -0.496
-14.7 -56.35 -96.687 0.2 0.00700003 -0.113 -0.488 -0.865
-18.944 -56.35 -95.55 0.113 0.012 -0.438 -0.482 -0.759
-19.6 -51.45 -96.687 0.1 0.00700003 -0.496 -0.128 -0.859
-14.7 -51.45 -98 0.2 0 -0.128 -0.128 -0.983
-14.7 -56.35 -96.687 0.2 0.00700003 -0.113 -0.488 -0.865
-19.6 -51.45 -96.687 0.1 0.00700003 -0.496 -0.128 -0.859
14.7 -56.35 -96.687 0.8 0.00700003 0.113 -0.488 -0.865
-14.7 -56.35 -96.687 0.2 0.00700003 -0.113 -0.488 -0.865
-14.7 -51.45 -98 0.2 0 -0.128 -0.128 -0.983
14.7 -51.45 -98 0.8 0 0.128 -0.128 -0.983
14.7 -56.35 -96.687 0.8 0.00700003 0.113 -0.488 -0.865
-14.7 -51.45 -98 0.2 0 -0.128 -0.128 -0.983
18.944 -56.35 -95.55 0.887 0.012 0.438 -0.482 -0.759
14.7 -56.35 -96.687 0.8 0.00700003 0.113 -0.488 -0.865
14.7 -51.45 -98 0.8 0 0.128 -0.128 -0.983
19.6 -51.45 -96.687 0.9 0.00700003 0.496 -0.128 -0.859
18.944 -56.35 -95.55 0.887 0.012 0.438 -0.482 -0.759
14.7 -51.45 -98 0.8 0 0.128 -0.128 -0.983
22.05 -56.35 -92.444 0.95 0.028 0.759 -0.482 -0.438
18.944 -56.35 -95.55 0.887 0.012 0.438 -0.482 -0.759
19.6 -51.45 -96.687 0.9 0.00700003 0.496 -0.128 -0.859
23.187 -51.45 -93.1 0.973 0.025 0.859 -0.128 -0.496
22.05 -56.35 -92.444 0.95 0.028 0.759 -0.482 -0.438
19.6 -51.45 -96.687 0.9 0.00700003 0.496 -0.128 -0.859
23.187 -56.35 -88.2 0.973 0.05 0.865 -0.488 -0.113
22.05 -56.35 -92.444 0.95 0.028 0.759 -0.482 -0.438
23.187 -51.45 -93.1 0.973 0.025 0.859 -0.128 -0.496
24.5 -51.45 -88.2 1 0.05 0.983 -0.128 -0.128
23.187 -56.35 -88.2 0.973 0.05 0.865 -0.488 -0.113
23.187 -51.45 -93.1 0.973 0.025 0.859 -0.128 -0.496
23.187 -56.35 88.2 0.973 0.95 0.865 -0.488 0.113
23.187 -56.35 -88.2 0.973 0.05 0.865 -0.488 -0.113
24.5 -51.45 -88.2 1 0.05 0.983 -0.128 -0.128
24.5 -51.45 88.2 1 0.95 0.983 -0.128 0.128
23.187 -56.35 88.2 0.973 0.95 0.865 -0.488 0.113
24.5 -51.45 -88.2 1 0.05 0.983 -0.128 -0.128
22.05 -56.35 92.444 0.95 0.972 0.759 -0.482 0.438
23.187 -56.35 88.2 0.973 0.95 0.865 -0.488 0.113
24.5 -51.45 88.2 1 0.95 0.983 -0.128 0.128
23.187 -51.45 93.1 0.973 0.975 0.859 -0.128 0.496
22.05 -56.35 92.444 0.95 0.972 0.759 -0.482 0.438
24.5 -51.45 88.2 1 0.95 0.983 -0.128 0.128
18.944 -56.35 95.55 0.887 0.988 0.438 -0.482 0.759
22.05 -56.35 92.444 0.95 0.972 0.759 -0.482 0.438
23.187 -51.45 93.1 0.973 0.975 0.859 -0.128 0.496
19.6 -51.45 96.687 0.9 0.993 0.496 -0.128 0.859
18.944 -56.35 95.55 0.887 0.988 0.438 -0.482 0.759
23.187 -51.45 93.1 0.973 0.975 0.859 -0.128 0.496
14.7 -56.35 96.687 0.8 0.993 0.113 -0.488 0.865
18.944 -56.35 95.55 0.887 0.988 0.438 -0.482 0.759
19.6 -51.45 96.687 0.9 0.993 0.496 -0.128 0.859
14.7 -51.45 98 0.8 1 0.128 -0.128 0.983
14.7 -56.35 96.687 0.8 0.993 0.113 -0.488 0.865
19.6 -51.45 96.687 0.9 0.993 0.496 -0.128 0.859
-14.7 -56.35 96.687 0.2 0.993 -0.113 -0.488 0.865
14.7 -56.35 96.687 0.8 0.993 0.113 -0.488 0.865
14.7 -51.45 98 0.8 1 0.128 -0.128 0.983
-14.7 -51.45 98 0.2 1 -0.128 -0.128 0.983
-14.7 -56.35 96.687 0.2 0.993 -0.113 -0.488 0.865
14.7 -51.45 98 0.8 1 0.128 -0.128 0.983
-17.15 -59.937 92.444 0.15 0.972 -0.265 -0.847 0.46
-14.7 -59.937 93.1 0.2 0.975 -0.07 -0.855 0.514
-14.7 -56.35 96.687 0.2 0.993 -0.113 -0.488 0.865
-18.944 -56.35 95.55 0.113 0.988 -0.438 -0.482 0.759
-17.15 -59.937 92.444 0.15 0.972 -0.265 -0.847 0.46
-14.7 -56.35 96.687 0.2 0.993 -0.113 -0.488 0.865
-18.944 -59.937 90.65 0.113 0.962 -0.46 -0.847 0.265
-17.15 -59.937 92.444 0.15 0.972 -0.265 -0.847 0.46
-18.944 -56.35 95.55 0.113 0.988 -0.438 -0.482 0.759
-22.05 -56.35 92.444 0.05 0.972 -0.759 -0.482 0.438
-18.944 -59.937 90.65 0.113 0.962 -0.46 -0.847 0.265
-18.944 -56.35 95.55 0.113 0.988 -0.438 -0.482 0.759
-19.6 -59.937 88.2 0.1 0.95 -0.514 -0.855 0.07
-18.944 -59.937 90.65 0.113 0.962 -0.46 -0.847 0.265
-22.05 -56.35 92.444 0.05 0.972 -0.759 -0.482 0.438
-23.187 -56.35 88.2 0.027 0.95 -0.865 -0.488 0.113
-19.6 -59.937 88.2 0.1 0.95 -0.514 -0.855 0.07
-22.05 -56.35 92.444 0.05 0.972 -0.759 -0.482 0.438
-19.6 -59.937 -88.2 0.1 0.05 -0.514 -0.855 -0.07
-19.6 -59.937 88.2 0.1 0.95 -0.514 -0.855 0.07
-23.187 -56.35 88.2 0.027 0.95 -0.865 -0.488 0.113
-23.187 -56.35 -88.2 0.027 0.05 -0.865 -0.488 -0.113
-19.6 -59.937 -88.2 0.1 0.05 -0.514 -0.855 -0.07
-23.187 -56.35 88.2 0.027 0.95 -0.865 -0.488 0.113
-18.944 -59.937 -90.65 0.113 0.038 -0.46 -0.847 -0.265
-19.6 -59.937 -88.2 0.1 0.05 -0.514 -0.855 -0.07
-23.187 -56.35 -88.2 0.027 0.05 -0.865 -0.488 -0.113
-22.05 -56.35 -92.444 0.05 0.028 -0.759 -0.482 -0.438
-18.944 -59.937 -90.65 0.113 0.038 -0.46 -0.847 -0.265
-23.187 -56.35 -88.2 0.027 0.05 -0.865 -0.488 -0.113
-17.15 -59.937 -92.444 0.15 0.028 -0.265 -0.847 -0.46
-18.944 -59.937 -90.65 0.113 0.038 -0.46 -0.847 -0.265
-22.05 -56.35 -92.444 0.05 0.028 -0.759 -0.482 -0.438
-18.944 -56.35 -95.55 0.113 0.012 -0.438 -0.482 -0.759
-17.15 -59.937 -92.444 0.15 0.028 -0.265 -0.847 -0.46
-22.05 -56.35 -92.444 0.05 0.028 -0.759 -0.482 -0.438
-14.7 -59.937 -93.1 0.2 0.025 -0.07 -0.855 -0.514
-17.15 -59.937 -92.444 0.15 0.028 -0.265 -0.847 -0.46
-18.944 -56.35 -95.55 0.113 0.012 -0.438 -0.482 -0.759
-14.7 -56.35 -96.687 0.2 0.00700003 -0.113 -0.488 -0.865
-14.7 -59.937 -93.1 0.2 0.025 -0.07 -0.855 -0.514
-18.944 -56.35 -95.55 0.113 0.012 -0.438 -0.482 -0.759
14.7 -59.937 -93.1 0.8 0.025 0.07 -0.855 -0.514
-14.7 -59.937 -93.1 0.2 0.025 -0.07 -0.855 -0.514
-14.7 -56.35 -96.687 0.2 0.00700003 -0.113 -0.488 -0.865
14.7 -56.35 -96.687 0.8 0.00700003 0.113 -0.488 -0.865
14.7 -59.937 -93.1 0.8 0.025 0.07 -0.855 -0.514
-14.7 -56.35 -96.687 0.2 0.00700003 -0.113 -0.488 -0.865
17.15 -59.937 -92.444 0.85 0.028 0.265 -0.847 -0.46
14.7 -59.937 -93.1 0.8 0.025 0.07 -0.855 -0.514
14.7 -56.35 -96.687 0.8 0.00700003 0.113 -0.488 -0.865
18.944 -56.35 -95.55 0.887 0.012 0.438 -0.482 -0.759
17.15 -59.937 -92.444 0.85 0.028 0.265 -0.847 -0.46
14.7 -56.35 -96.687 0.8 0.00700003 0.113 -0.488 -0.865
18.944 -59.937 -90.65 0.887 0.038 0.46 -0.847 -0.265
17.15 -59.937 -92.444 0.85 0.028 0.265 -0.847 -0.46
18.944 -56.35 -95.55 0.887 0.012 0.438 -0.482 -0.759
22.05 -56.35 -92.444 0.95 0.028 0.759 -0.482 -0.438
18.944 -59.937 -90.65 0.887 0.038 0.46 -0.847 -0.265
18.944 -56.35 -95.55 0.887 0.012 0.438 -0.482 -0.759
19.6 -59.937 -88.2 0.9 0.05 0.514 -0.855 -0.07
18.944 -59.937 -90.65 0.887 0.038 0.46 -0.847 -0.265
22.05 -56.35 -92.444 0.95 0.028 0.759 -0.482 -0.438
23.187 -56.35 -88.2 0.973 0.05 0.865 -0.488 -0.113
19.6 -59.937 -88.2 0.9 0.05 0.514 -0.855 -0.07
22.05 -56.35 -92.444 0.95 0.028 0.759 -0.482 -0.438
19.6 -59.937 88.2 0.9 0.95 0.514 -0.855 0.07
19.6 -59.937 -88.2 0.9 0.05 0.514 -0.855 -0.07
23.187 -56.35 -88.2 0.973 0.05 0.865 -0.488 -0.113
23.187 -56.35 88.2 0.973 0.95 0.865 -0.488 0.113
19.6 -59.937 88.2 0.9 0.95 0.514 -0.855 0.07
23.187 -56.35 -88.2 0.973 0.05 0.865 -0.488 -0.113
18.944 -59.937 90.65 0.887 0.962 0.46 -0.847 0.265
19.6 -59.937 88.2 0.9 0.95 0.514 -0.855 0.07
23.187 -56.35 88.2 0.973 0.95 0.865 -0.488 0.113
22.05 -56.35 92.444 0.95 0.972 0.759 -0.482 0.438
18.944 -59.937 90.65 0.887 0.962 0.46 -0.847 0.265
23.187 -56.35 88.2 0.973 0.95 0.865 -0.488 0.113
17.15 -59.937 92.444 0.85 0.972 0.265 -0.847 0.46
18.944 -59.937 90.65 0.887 0.962 0.46 -0.847 0.265
22.05 -56.35 92.444 0.95 0.972 0.759 -0.482 0.438
18.944 -56.35 95.55 0.887 0.988 0.438 -0.482 0.759
17.15 -59.937 92.444 0.85 0.972 0.265 -0.847 0.46
22.05 -56.35 92.444 0.95 0.972 0.759 -0.482 0.438
14.7 -59.937 93.1 0.8 0.975 0.07 -0.855 0.514
17.15 -59.937 92.444 0.85 0.972 0.265 -0.847 0.46
18.944 -56.35 95.55 0.887 0.988 0.438 -0.482 0.759
14.7 -56.35 96.687 0.8 0.993 0.113 -0.488 0.865
14.7 -59.937 93.1 0.8 0.975 0.07 -0.855 0.514
18.944 -56.35 95.55 0.887 0.988 0.438 -0.482 0.759
-14.7 -59.937 93.1 0.2 0.975 -0.07 -0.855 0.514
14.7 -59.937 93.1 0.8 0.975 0.07 -0.855 0.514
14.7 -56.35 96.687 0.8 0.993 0.113 -0.488 0.865
-14.7 -56.35 96.687 0.2 0.993 -0.113 -0.488 0.865
-14.7 -59.937 93.1 0.2 0.975 -0.07 -0.855 0.514
14.7 -56.35 96.687 0.8 0.993 0.113 -0.488 0.865
-17.15 -59.937 92.444 0.15 0.972 -0.265 -0.847 0.46
-14.7 -61.25 88.2 0.2 0.95 -0.109 -0.988 0.109
-14.7 -59.937 93.1 0.2 0.975 -0.07 -0.855 0.514
-18.944 -59.937 90.65 0.113 0.962 -0.46 -0.847 0.265
-14.7 -61.25 88.2 0.2 0.95 -0.109 -0.988 0.109
-17.15 -59.937 92.444 0.15 0.972 -0.265 -0.847 0.46
-19.6 -59.937 88.2 0.1 0.95 -0.514 -0.855 0.07
-14.7 -61.25 88.2 0.2 0.95 -0.109 -0.988 0.109
-18.944 -59.937 90.65 0.113 0.962 -0.46 -0.847 0.265
-14.7 -61.25 -88.2 0.2 0.05 -0.109 -0.988 -0.109
-14.7 -61.25 88.2 0.2 0.95 -0.109 -0.988 0.109
-19.6 -59.937 88.2 0.1 0.95 -0.514 -0.855 0.07
-19.6 -59.937 -88.2 0.1 0.05 -0.514 -0.855 -0.07
-14.7 -61.25 -88.2 0.2 0.05 -0.109 -0.988 -0.109
-19.6 -59.937 88.2 0.1 0.95 -0.514 -0.855 0.07
-18.944 -59.937 -90.65 0.113 0.038 -0.46 -0.847 -0.265
-14.7 -61.25 -88.2 0.2 0.05 -0.109 -0.988 -0.109
-19.6 -59.937 -88.2 0.1 0.05 -0.514 -0.855 -0.07
-17.15 -59.937 -92.444 0.15 0.028 -0.265 -0.847 -0.46
-14.7 -61.25 -88.2 0.2 0.05 -0.109 -0.988 -0.109
-18.944 -59.937 -90.65 0.113 0.038 -0.46 -0.847 -0.265
-14.7 -59.937 -93.1 0.2 0.025 -0.07 -0.855 -0.514
-14.7 -61.25 -88.2 0.2 0.05 -0.109 -0.988 -0.109
-17.15 -59.937 -92.444 0.15 0.028 -0.265 -0.847 -0.46
14.7 -61.25 -88.2 0.8 0.05 0.109 -0.988 -0.109
-14.7 -61.25 -88.2 0.2 0.05 -0.109 -0.988 -0.109
-14.7 -59.937 -93.1 0.2 0.025 -0.07 -0.855 -0.514
14.7 -59.937 -93.1 0.8 0.025 0.07 -0.855 -0.514
14.7 -61.25 -88.2 0.8 0.05 0.109 -0.988 -0.109
-14.7 -59.937 -93.1 0.2 0.025 -0.07 -0.855 -0.514
17.15 -59.937 -92.444 0.85 0.028 0.265 -0.847 -0.46
14.7 -61.25 -88.2 0.8 0.05 0.109 -0.988 -0.109
14.7 -59.937 -93.1 0.8 0.025 0.07 -0.855 -0.514
18.944 -59.937 -90.65 0.887 0.038 0.46 -0.847 -0.265
14.7 -61.25 -88.2 0.8 0.05 0.109 -0.988 -0.109
17.15 -59.937 -92.444 0.85 0.028 0.265 -0.847 -0.46
19.6 -59.937 -88.2 0.9 0.05 0.514 -0.855 -0.07
14.7 -61.25 -88.2 0.8 0.05 0.109 -0.988 -0.109
18.944 -59.937 -90.65 0.887 0.038 0.46 -0.847 -0.265
14.7 -61.25 88.2 0.8 0.95 0.109 -0.988 0.109
14.7 -61.25 -88.2 0.8 0.05 0.109 -0.988 -0.109
19.6 -59.937 -88.2 0.9 0.05 0.514 -0.855 -0.07
19.6 -59.937 88.2 0.9 0.95 0.514 -0.855 0.07
14.7 -61.25 88.2 0.8 0.95 0.109 -0.988 0.109
19.6 -59.937 -88.2 0.9 0.05 0.514 -0.855 -0.07
18.944 -59.937 90.65 0.887 0.962 0.46 -0.847 0.265
14.7 -61.25 88.2 0.8 0.95 0.109 -0.988 0.109
19.6 -59.937 88.2 0.9 0.95 0.514 -0.855 0.07
17.15 -59.937 92.444 0.85 0.972 0.265 -0.847 0.46
14.7 -61.25 88.2 0.8 0.95 0.109 -0.988 0.109
18.944 -59.937 90.65 0.887 0.962 0.46 -0.847 0.265
14.7 -59.937 93.1 0.8 0.975 0.07 -0.855 0.514
14.7 -61.25 88.2 0.8 0.95 0.109 -0.988 0.109
17.15 -59.937 92.444 0.85 0.972 0.265 -0.847 0.46
-14.7 -61.25 88.2 0.2 0.95 -0.109 -0.988 0.109
14.7 -61.25 88.2 0.8 0.95 0.109 -0.988 0.109
14.7 -59.937 93.1 0.8 0.975 0.07 -0.855 0.514
-14.7 -59.937 93.1 0.2 0.975 -0.07 -0.855 0.514
-14.7 -61.25 88.2 0.2 0.95 -0.109 -0.988 0.109
14.7 -59.937 93.1 0.8 0.975 0.07 -0.855 0.514
-14.7 -61.25 -88.2 0.2 0.05 -0.109 -0.988 -0.109
14.7 -61.25 -88.2 0.8 0.05 0.109 -0.988 -0.109
14.7 -61.25 88.2 0.8 0.95 0.109 -0.988 0.109
-14.7 -61.25 88.2 0.2 0.95 -0.109 -0.988 0.109
-14.7 -61.25 -88.2 0.2 0.05 -0.109 -0.988 -0.109
14.7 -61.25 88.2 0.8 0.95 0.109 -0.988 0.109
